1776910009804 0.0 51
1776910010025 0.0 51
1776910096398 1.0 103
1776910096652 1.0 103
1776910182283 2.0 155
1776910182921 2.0 155
1776910268828 3.0 207
1776910269055 3.0 207
1776910354097 4.0 259
1776910354316 4.0 259
1776910441894 5.0 311
1776910442110 5.0 311
1776910526842 6.0 363
1776910527083 6.0 363
1776910611449 7.0 415
1776910611672 7.0 415
1776910695699 8.0 467
1776910695924 8.0 467
1776910779926 9.0 519
1776910780157 9.0 519
1776910864106 10.0 571
1776910864340 10.0 571
1776910948430 11.0 623
1776910948664 11.0 623
1776911032715 12.0 675
1776911032946 12.0 675
1776911118791 13.0 727
1776911118800 13.0 727
1776911206064 14.0 779
1776911206277 14.0 779
1776911293784 15.0 831
1776911293990 15.0 831
1776911406180 16.0 883
1776911406516 16.0 883
1776911931888 17.0 935
1776911932130 17.0 935
1776912016841 18.0 987
1776912016848 18.0 987
1776912101063 19.0 1039
1776912101074 19.0 1039
1776912185219 20.0 1091
1776912185444 20.0 1091
1776912269670 21.0 1143
1776912269900 21.0 1143
1776912354926 22.0 1195
1776912354934 22.0 1195
1776912442272 23.0 1247
1776912442282 23.0 1247
1776912529756 24.0 1299
1776912529963 24.0 1299
1776912617537 25.0 1351
1776912617546 25.0 1351
1776913018007 26.0 1403
1776913018015 26.0 1403
1776913102547 27.0 1455
1776913102557 27.0 1455
1776913186948 28.0 1507
1776913186957 28.0 1507
1776913271423 29.0 1559
1776913271703 29.0 1559
1776913362132 30.0 1611
1776913362141 30.0 1611
1776913448075 31.0 1663
1776913448310 31.0 1663
1776913533777 32.0 1715
1776913533786 32.0 1715
1776913618657 33.0 1767
1776913618666 33.0 1767
1776914617262 34.0 1819
1776914617272 34.0 1819
1776914848663 35.0 1871
1776914848672 35.0 1871
1776914934192 36.0 1923
1776914934200 36.0 1923
1776915018846 37.0 1975
1776915018856 37.0 1975
1776915103625 38.0 2027
1776915103838 38.0 2027
1776915188516 39.0 2079
1776915188525 39.0 2079
