1776909924446 0.01 0
1776910010028 0.01 52
1776910096660 0.01 104
1776910182927 0.01 156
1776910269062 0.01 208
1776910354323 0.01 260
1776910442118 0.01 312
1776910527091 0.01 364
1776910611679 0.01 416
1776910695932 0.01 468
1776910780165 0.01 520
1776910864347 0.01 572
1776910948669 0.01 624
1776911032959 0.01 676
1776911118803 0.01 728
1776911206284 0.01 780
1776911293998 0.01 832
1776911406525 0.01 884
1776911932139 0.01 936
1776912016850 0.01 988
1776912101077 0.01 1040
1776912185451 0.01 1092
1776912269908 0.01 1144
1776912354937 0.01 1196
1776912442285 0.01 1248
1776912529970 0.01 1300
1776912617549 0.01 1352
1776913018017 0.01 1404
1776913102560 0.01 1456
1776913186960 0.01 1508
1776913271709 0.01 1560
1776913362144 0.01 1612
1776913448318 0.01 1664
1776913533789 0.01 1716
1776913618669 0.01 1768
1776914617275 0.01 1820
1776914848675 0.01 1872
1776914934203 0.01 1924
1776915018859 0.01 1976
1776915103845 0.01 2028
