1776910010025 4.051598072052002 51
1776910096652 2.7072689533233643 103
1776910182921 1.785228967666626 155
1776910269055 1.2465827465057373 207
1776910354316 0.9187996983528137 259
1776910442110 0.7241963148117065 311
1776910527083 0.5938743352890015 363
1776910611672 0.509843647480011 415
1776910695924 0.44244226813316345 467
1776910780157 0.38826432824134827 519
1776910864340 0.3500599265098572 571
1776910948664 0.32368868589401245 623
1776911032946 0.29627296328544617 675
1776911118800 0.27206000685691833 727
1776911206277 0.2559892237186432 779
1776911293990 0.24405984580516815 831
1776911406516 0.22379067540168762 883
1776911932130 0.20973393321037292 935
1776912016848 0.19552373886108398 987
1776912101074 0.1875534951686859 1039
1776912185444 0.17625322937965393 1091
1776912269900 0.17678071558475494 1143
1776912354934 0.16527821123600006 1195
1776912442282 0.1552494615316391 1247
1776912529963 0.14437945187091827 1299
1776912617546 0.14222125709056854 1351
1776913018015 0.1410137414932251 1403
1776913102557 0.13123556971549988 1455
1776913186957 0.12769939005374908 1507
1776913271703 0.12391076982021332 1559
1776913362141 0.11577413976192474 1611
1776913448310 0.11856617778539658 1663
1776913533786 0.10775981098413467 1715
1776913618666 0.1097751259803772 1767
1776914617272 0.10854747891426086 1819
1776914848672 0.10318928211927414 1871
1776914934200 0.09786751866340637 1923
1776915018856 0.09715176373720169 1975
1776915103838 0.09198877215385437 2027
1776915188525 0.09114445000886917 2079
