1776910010025 0.19019997119903564 51
1776910096652 0.5304533839225769 103
1776910182921 0.7127156257629395 155
1776910269055 0.8172798156738281 207
1776910354316 0.8711646795272827 259
1776910442110 0.9029155969619751 311
1776910527083 0.9218440055847168 363
1776910611672 0.9310029149055481 415
1776910695924 0.9381774067878723 467
1776910780157 0.9487101435661316 519
1776910864340 0.9503892660140991 571
1776910948664 0.9529842734336853 623
1776911032946 0.9571057558059692 675
1776911118800 0.9609220027923584 727
1776911206277 0.9622958302497864 779
1776911293990 0.9636696577072144 831
1776911406516 0.9655014276504517 883
1776911932130 0.9693176746368408 935
1776912016848 0.9738970994949341 987
1776912101074 0.9735918045043945 1039
1776912185444 0.9766448140144348 1091
1776912269900 0.9723706245422363 1143
1776912354934 0.9751182794570923 1195
1776912442282 0.9800030589103699 1247
1776912529963 0.9822927713394165 1299
1776912617546 0.9801557064056396 1351
1776913018015 0.9783239364624023 1403
1776913102557 0.9816821813583374 1455
1776913186957 0.9821401238441467 1507
1776913271703 0.9848877787590027 1559
1776913362141 0.9868722558021545 1611
1776913448310 0.9845824837684631 1663
1776913533786 0.9870249032974243 1715
1776913618666 0.9859563708305359 1767
1776914617272 0.9845824837684631 1819
1776914848672 0.9874828457832336 1871
1776914934200 0.986566960811615 1923
1776915018856 0.9880934357643127 1975
1776915103838 0.9891619682312012 2027
1776915188525 0.9891619682312012 2079
